2015-12-18|10:27|四暗场|胜
4:3:415954|开好房|fupaizhang|副排长|0|http://uchead.static.17c.cn/dfqp/icon-ddfqp/54/415954.jpg?v=1450183282,558831|眼泪的错觉♥|xiaobing|小兵|2|http://uchead.static.17c.cn/dfqp/icon-ddfqp/31/558831.jpg?v=1449878420,569669|一季的悠悠|xiaobing|小兵|0|,422139|永毅战暴君熊|xiaobing|小兵|2|,
4:0,0,0,0,0,0,32,33,37,41,1,0,0,0,0,0,0,0,0,0,0,0,0,2,38,34,1,1,0,0,0,0,0,0,0,0,0,0,0,0,35,0,35,0,33,0,0,0,0,0,0,0,0,0,0,0,0,32,34,0,33,36,0,0,0,0,0,0,0,0,0,0,0,0,39,0,2,0,38,0,0,0,0,0,0,0,0,0,0,0,0,36,32,40,37,34,0,0,0,0,0,0,36,38,34,33,34,35,0,0,0,0,0,38,34,2,32,39,35,34,38,0,32,0,32,0,0,0,0,0,32,0,32,0,37,33,1,37,39,0,36,35,0,0,0,0,0,33,36,0,36,34,1,41,37,0,2,0,40,0,0,0,0,0,35,0,34,0,1,41,1,1,33,2,33,32,0,0,0,0,0,38,40,2,33,37,1,0,0,0,0,0,0,33,33,36,32,40,0,0,0,0,0,0,0,0,0,0,0,0,34,0,36,0,37,0,0,0,0,0,0,0,0,0,0,0,0,33,34,0,32,2,0,0,0,0,0,0,0,0,0,0,0,0,35,0,2,0,35,0,0,0,0,0,0,0,0,0,0,0,0,1,1,38,38,39,0,0,0,0,0,0,0,0,0,0,0,0,34,1,32,41,37,0,0,0,0,0,0,
10:181,197,
10:76,77,
10:175,157,
10:197,213,
10:164,181,
10:91,75,
10:156,155,
10:210,211,
10:181,214,
10:23,41,
10:107,74,
10:244,245,
10:182,214,
10:41,59,
10:141,146,
10:231,214,
10:147,181,
10:40,41,
10:146,95,
10:246,247,
10:181,248,
10:61,43,
10:95,94,
10:248,183,
10:130,265,
10:94,95,
10:158,175,
10:265,183,
10:113,181,
10:95,113,
10:175,193,
10:183,182,
10:114,131,
10:113,95,
10:193,227,
10:182,184,
10:115,95,
10:93,178,
10:227,228,
10:184,167,
10:116,264,
10:178,181,
10:174,261,
10:212,229,
10:132,149,
10:181,165,
10:228,227,
10:196,185,
10:166,183,
10:74,227,
10:227,175,
10:195,197,
10:148,147,
10:75,76,
10:124,261,
10:278,261,
10:131,113,
10:59,75,
10:106,57,
10:261,278,
10:149,166,
10:24,23,
10:57,107,
10:230,231,
10:183,184,
10:23,91,
10:140,141,
10:197,184,
10:166,149,
10:42,59,
10:141,146,
10:184,197,
10:147,181,
10:78,146,
10:175,158,
10:197,181,
10:149,131,
10:146,95,
10:157,141,
10:231,230,
10:131,147,
10:92,185,
10:107,91,
10:194,195,
10:147,142,
10:95,113,
10:173,157,
10:195,193,
10:142,144,
10:113,181,
10:158,175,
10:193,176,
10:150,149,
10:181,185,
10:175,176,
9:1
10:117,108,
10:185,168,
10:176,173,
10:230,231,
10:108,176,
9:3
10:141,231,
10:211,195,
10:176,185,
10:44,115,
10:105,115,
10:195,144,
10:149,131,
10:165,149,
10:157,141,
10:144,141,
10:131,147,
10:149,133,
10:173,261,
10:229,211,
10:147,142,
10:75,57,
10:261,278,
10:211,227,
10:142,147,
10:57,75,
10:278,261,
10:227,172,
10:147,142,
9:3
10:261,172,
10:264,265,
10:142,261,
9:3
5:3
2: